
y	mTm0	 Proton		Deuteron	Pion		Electron
--------------------------------------------------------------------------------------------------------------

-1.7     0.4375     0.619988 +- 0.153906      0.380012 +- 0.181441     0      0  
-1.7     0.4625     0.625301 +- 0.112622      0.374699 +- 0.133802     0      0  
-1.7     0.4875     0.57159 +- 0.0931192      0.42841 +- 0.102544     0      0  
-1.7     0.5125     0.33466 +- 0.0971486      0.66534 +- 0.0769632     0      0  
-1.7     0.5375     0.48968 +- 0.0694935      0.51032 +- 0.0685437     0      0  
-1.7     0.5625     0.573271 +- 0.0553844      0.426729 +- 0.0611309     0      0  
-1.7     0.5875     0.447441 +- 0.0572256      0.50871 +- 0.0547931     0.0438488 +- 0.155238      0  
-1.7     0.6125     0.552236 +- 0.0456339      0.414431 +- 0.0502847     0.0333333 +- 0.151549      0  
-1.7     0.6375     0.522525 +- 0.040582      0.441595 +- 0.0429551     0.0358802 +- 0.127742      0  
-1.7     0.6625     0.459179 +- 0.0406842      0.527829 +- 0.0388288     0.0129922 +- 0.201523      0  
-1.7     0.6875     0.569759 +- 0.0341014      0.405131 +- 0.0382615     0.0251095 +- 0.131271      0  
-1.7     0.7125     0.535272 +- 0.0333167      0.443331 +- 0.0354956     0.0213971 +- 0.135918      0  
-1.7     0.7375     0.549244 +- 0.0320138      0.433426 +- 0.0346649     0.0173307 +- 0.146043      0  
-1.7     0.7625     0.542499 +- 0.0315736      0.441585 +- 0.0338317     0.0159158 +- 0.149598      0  
-1.7     0.7875     0.512017 +- 0.0325642      0.474537 +- 0.0334039     0.0134459 +- 0.164517      0  
-1.7     0.8125     0.479717 +- 0.0330394      0.505106 +- 0.0324734     0.0151777 +- 0.153852      0  
-1.7     0.8375     0.479344 +- 0.0335462      0.506182 +- 0.0329396     0.0144733 +- 0.159871      0  
-1.7     0.8625     0.42778 +- 0.0358178      0.562175 +- 0.0326819     0.0100458 +- 0.196588      0  
-1.7     0.8875     0.372516 +- 0.0384641      0.617546 +- 0.0324311     0.00993779 +- 0.202009      0  
-1.7     0.9125     0.422975 +- 0.036804      0.56818 +- 0.0333357     0.00884537 +- 0.214293      0  
-1.7     0.9375     0.394915 +- 0.0395026      0.601163 +- 0.0343025     0.00392239 +- 0.336262      0  
-1.7     0.9625     0.415485 +- 0.0401268      0.58327 +- 0.035818     0.00124472 +- 0.616585      0  
-1.7     0.9875     0.399441 +- 0.0409186      0.591387 +- 0.035861     0.00917252 +- 0.229302      0  
-1.6     0.2875     0.748108 +- 0.201581      0.251892 +- 0.293984     0      0  
-1.6     0.3125     0.729158 +- 0.0999487      0.270842 +- 0.140591     0      0  
-1.6     0.3375     0.693716 +- 0.0691645      0.174968 +- 0.114706     0.131316 +- 0.129923      0  
-1.6     0.3625     0.688252 +- 0.0490234      0.220649 +- 0.0736212     0.0910994 +- 0.108326      0  
-1.6     0.3875     0.649124 +- 0.0377784      0.262424 +- 0.0519854     0.0884518 +- 0.0831442      0  
-1.6     0.4125     0.584956 +- 0.0288733      0.338489 +- 0.0348806     0.0765552 +- 0.0657779      0  
-1.6     0.4375     0.604401 +- 0.0239224      0.32605 +- 0.0296107     0.069549 +- 0.0575792      0  
-1.6     0.4625     0.639623 +- 0.0205877      0.287471 +- 0.0272125     0.0729067 +- 0.0493281      0  
-1.6     0.4875     0.622258 +- 0.019468      0.307231 +- 0.0248708     0.0705115 +- 0.0469799      0  
-1.6     0.5125     0.582608 +- 0.017977      0.358552 +- 0.0212315     0.0588398 +- 0.0462699      0  
-1.6     0.5375     0.642067 +- 0.016809      0.303425 +- 0.0217848     0.0545076 +- 0.0462309      0  
-1.6     0.5625     0.58712 +- 0.0175517      0.359837 +- 0.0207524     0.0530427 +- 0.0475651      0  
-1.6     0.5875     0.602353 +- 0.0169269      0.350753 +- 0.0203662     0.0468941 +- 0.049036      0  
-1.6     0.6125     0.532981 +- 0.0171562      0.426738 +- 0.0184969     0.0402803 +- 0.0514086      0  
-1.6     0.6375     0.540072 +- 0.017191      0.421841 +- 0.0186899     0.0380868 +- 0.0531478      0  
-1.6     0.6625     0.544923 +- 0.0180134      0.416917 +- 0.0197223     0.0381597 +- 0.0558006      0  
-1.6     0.6875     0.51369 +- 0.0184169      0.454565 +- 0.0191919     0.0317452 +- 0.0611642      0  
-1.6     0.7125     0.528994 +- 0.0192475      0.44003 +- 0.0204806     0.0309758 +- 0.0653146      0  
-1.6     0.7375     0.548458 +- 0.0192208      0.425825 +- 0.0209321     0.0257172 +- 0.0722431      0  
-1.6     0.7625     0.504801 +- 0.0203465      0.467495 +- 0.020879     0.027704 +- 0.071775      0  
-1.6     0.7875     0.510182 +- 0.0211428      0.471424 +- 0.0217107     0.0183939 +- 0.091439      0  
-1.6     0.8125     0.511521 +- 0.021563      0.468732 +- 0.0222046     0.0197475 +- 0.0901415      0  
-1.6     0.8375     0.516626 +- 0.0224329      0.466628 +- 0.0232118     0.0167462 +- 0.102019      0  
-1.6     0.8625     0.519033 +- 0.0230977      0.466041 +- 0.0239466     0.0149261 +- 0.111334      0  
-1.6     0.8875     0.528698 +- 0.0241895      0.460877 +- 0.025327     0.0104246 +- 0.140053      0  
-1.6     0.9125     0.505044 +- 0.0253496      0.481586 +- 0.0257566     0.0133707 +- 0.127841      0  
-1.6     0.9375     0.5134 +- 0.0265275      0.474764 +- 0.0272314     0.0118358 +- 0.142857      0  
-1.6     0.9625     0.405739 +- 0.0297183      0.588936 +- 0.0262249     0.005325 +- 0.219375      0  
-1.6     0.9875     0.408765 +- 0.0314161      0.581549 +- 0.0279073     0.00968588 +- 0.17278      0  
-1.5     0.2125     0.894877 +- 0.137983      0.105123 +- 0.307448     0      0  
-1.5     0.2375     0.771951 +- 0.0604494      0.0712834 +- 0.154675     0.156766 +- 0.108382      0  
-1.5     0.2625     0.656551 +- 0.0377085      0.154168 +- 0.0649543     0.189281 +- 0.0595059      0  
-1.5     0.2875     0.646944 +- 0.0242512      0.18361 +- 0.0385907     0.169446 +- 0.0399302      0  
-1.5     0.3125     0.642184 +- 0.0179488      0.201846 +- 0.0273885     0.15597 +- 0.0305567      0  
-1.5     0.3375     0.637004 +- 0.0147767      0.218018 +- 0.0217873     0.144978 +- 0.0259042      0  
-1.5     0.3625     0.630826 +- 0.0132183      0.238054 +- 0.0187482     0.13112 +- 0.0241462      0  
-1.5     0.3875     0.627495 +- 0.0124074      0.251431 +- 0.0171878     0.121074 +- 0.0234433      0  
-1.5     0.4125     0.606661 +- 0.0123354      0.285188 +- 0.016091     0.108151 +- 0.0242633      0  
-1.5     0.4375     0.610896 +- 0.0122618      0.295867 +- 0.0158029     0.0932365 +- 0.0258564      0  
-1.5     0.4625     0.63812 +- 0.0122068      0.27556 +- 0.0163916     0.0863198 +- 0.0270273      0  
-1.5     0.4875     0.604318 +- 0.0126829      0.315989 +- 0.0158853     0.0796924 +- 0.0286515      0  
-1.5     0.5125     0.59839 +- 0.0130617      0.332918 +- 0.0159913     0.0686922 +- 0.0315227      0  
-1.5     0.5375     0.690107 +- 0.0132697      0.245409 +- 0.0191017     0.0644838 +- 0.0344514      0  
-1.5     0.5625     0.590829 +- 0.013678      0.357594 +- 0.0162417     0.0515773 +- 0.0376386      0  
-1.5     0.5875     0.586076 +- 0.0140858      0.364983 +- 0.0165586     0.0489408+- 0.0396403      0  
-1.5     0.6125     0.577932 +- 0.0146191      0.384329 +- 0.0167912     0.0377384+- 0.0463946      0  
-1.5     0.6375     0.599665 +- 0.0152966      0.36648 +- 0.0180847     0.0338551 +- 0.051755      0  
-1.5     0.6625     0.657276 +- 0.0152645      0.305997 +- 0.0198597     0.0367274 +- 0.0510736      0  
-1.5     0.6875     0.562883 +- 0.0162309      0.409939 +- 0.0180647     0.0271781 +- 0.0598829      0  
-1.5     0.7125     0.546643 +- 0.0169323      0.433701 +- 0.0183024     0.0196564 +- 0.0725017      0  
-1.5     0.7375     0.582635 +- 0.0171029      0.395329 +- 0.0194956     0.0220359 +- 0.0706716      0  
-1.5     0.7625     0.555363 +- 0.017781      0.425792 +- 0.0194428     0.0188447 +- 0.0781247      0  
-1.5     0.7875     0.530841 +- 0.0187146      0.455474 +- 0.0197001     0.0136852 +- 0.0948468      0  
-1.5     0.8125     0.53225 +- 0.019458      0.453259 +- 0.0205348     0.0144905 +- 0.0959566      0  
-1.5     0.8375     0.562223 +- 0.0201337      0.425761 +- 0.0221027     0.0120163 +- 0.110845      0  
-1.5     0.8625     0.527801 +- 0.0213788      0.464038 +- 0.0223195     0.0081613 +- 0.139659      0  
-1.5     0.8875     0.548172 +- 0.0222775      0.443058 +- 0.0239236     0.00876997 +- 0.142171      0  
-1.5     0.9125     0.488022 +- 0.024029      0.501593 +- 0.0238095     0.0103846 +- 0.135737      0  
-1.5     0.9375     0.53094 +- 0.0241047      0.460363 +- 0.0252828     0.00869634 +- 0.152883      0  
-1.5     0.9625     0.540482 +- 0.0246924      0.452738 +- 0.0261997     0.00677952 +- 0.178235      0  
-1.5     0.9875     0.506043 +- 0.0263553      0.490457 +- 0.0266319     0.00350055 +- 0.258663      0  
-1.4     0.1625     0.640803 +- 0.0980923      0.0239464 +- 0.400855     0.335251 +- 0.122339      2.81078e-08 +- 365.642
-1.4     0.1875     0.688866 +- 0.0347531      0.0258082 +- 0.139932     0.285326 +- 0.0471085      0  
-1.4     0.2125     0.717919 +- 0.0177953      0.0350102 +- 0.0625485     0.247071 +- 0.025845      0  
-1.4     0.2375     0.729938 +- 0.0116551      0.0519067 +- 0.0340818     0.218156 +- 0.0178901      0  
-1.4     0.2625     0.740626 +- 0.00960266      0.0643093 +- 0.0254821     0.195065 +- 0.015504      0  
-1.4     0.2875     0.750782 +- 0.00878166      0.0760044 +- 0.0216374     0.173214 +- 0.0149663      0  
-1.4     0.3125     0.743314 +- 0.00867068      0.104061 +- 0.0184418     0.152625 +- 0.015559      0  
-1.4     0.3375     0.741036 +- 0.00915733      0.112491 +- 0.0187877     0.146473 +- 0.0167143      0  
-1.4     0.3625     0.742916 +- 0.00924233      0.130051 +- 0.0177871     0.127034 +- 0.0179731      0  
-1.4     0.3875     0.732754 +- 0.00964979      0.150952 +- 0.0173275     0.116294 +- 0.0194419      0  
-1.4     0.4125     0.728983 +- 0.010009      0.166519 +- 0.0172016     0.104498 +- 0.0211293      0  
-1.4     0.4375     0.725445 +- 0.010321      0.182486 +- 0.0170356     0.0920687 +- 0.0230485      0  
-1.4     0.4625     0.718588 +- 0.0105726      0.203045 +- 0.0166411     0.0783677 +- 0.0253601      0  
-1.4     0.4875     0.720132 +- 0.0108855      0.208886 +- 0.0169438     0.0709819 +- 0.0273584      0  
-1.4     0.5125     0.714453 +- 0.0111981      0.225394 +- 0.0168552     0.0601528 +- 0.0303475      0  
-1.4     0.5375     0.724434 +- 0.0114177      0.220997 +- 0.0173948     0.0545681 +- 0.032533      0  
-1.4     0.5625     0.707815 +- 0.0118291      0.249202 +- 0.0170503     0.0429825 +- 0.0375133      0  
-1.4     0.5875     0.715191 +- 0.0121135      0.250086 +- 0.0174884     0.0347229 +- 0.0427      0  
-1.4     0.6125     0.682319 +- 0.012888      0.282158 +- 0.0174965     0.0355227 +- 0.0443152      0  
-1.4     0.6375     0.684266 +- 0.0131362      0.289104 +- 0.0176805     0.0266301 +- 0.0519874      0  
-1.4     0.6625     0.671459 +- 0.0138476      0.301802 +- 0.0182283     0.0267392 +- 0.0543865      0  
-1.4     0.6875     0.644491 +- 0.0145498      0.336517 +- 0.0181524     0.018992 +- 0.066719      0  
-1.4     0.7125     0.635255 +- 0.0150591      0.344305 +- 0.0185463     0.0204404 +- 0.0663176      0  
-1.4     0.7375     0.569873 +- 0.016565      0.41193 +- 0.0184775     0.0181968 +- 0.0746563      0  
-1.4     0.7625     0.565728 +- 0.0171633      0.418467 +- 0.0189944     0.015805 +- 0.0827094      0  
-1.4     0.7875     0.576261 +- 0.017456      0.407023 +- 0.0196237     0.0167163 +- 0.0823133      0  
-1.4     0.8125     0.601676 +- 0.0180537      0.3837 +- 0.0210129     0.0146239 +- 0.0921682      0  
-1.4     0.8375     0.61507 +- 0.0184847      0.371805 +- 0.0219112     0.0131246 +- 0.100223      0  
-1.4     0.8625     0.60281 +- 0.0193526      0.383537 +- 0.0225413     0.0136524 +- 0.102265      0  
-1.4     0.8875     0.600224 +- 0.0201589      0.385414 +- 0.0234078     0.014362 +- 0.103758      0  
-1.4     0.9125     0.557724 +- 0.0209303      0.434061 +- 0.022764     0.00821511 +- 0.138742      0  
-1.4     0.9375     0.574052 +- 0.02188      0.41409 +- 0.0244177     0.011858 +- 0.122059      0  
-1.4     0.9625     0.481374 +- 0.0237515      0.512371 +- 0.0232615     0.00625438 +- 0.171737      0  
-1.4     0.9875     0.51968 +- 0.0239394      0.471651 +- 0.0247284     0.00866821 +- 0.151013      0  
-1.3     0.1125     0.974065 +- 0.154744      0.0259351 +- 0.683664     0      0  
-1.3     0.1375     0.608035 +- 0.0354927      0.000964133 +- 0.703229     0.382606 +- 0.0414886      0.00839511 +- 0.239198
-1.3     0.1625     0.616949 +- 0.0143193      0.00839265 +- 0.0969537     0.365212 +- 0.0171012      0.00944658 +- 0.0914331
-1.3     0.1875     0.673481 +- 0.0090545      0.0088499 +- 0.0613283     0.304265 +- 0.0118925      0.0134038 +- 0.0499452
-1.3     0.2125     0.717402 +- 0.00757301      0.0105855 +- 0.0478238     0.26942 +- 0.0106243      0.0025932 +- 0.0962405
-1.3     0.2375     0.74539 +- 0.00728327      0.0143157 +- 0.0400638     0.240004 +- 0.0108187      0.000290472 +- 0.279308
-1.3     0.2625     0.771414 +- 0.00724793      0.0168691 +- 0.037135     0.211552 +- 0.0114462      0.00016456 +- 0.372882
-1.3     0.2875     0.803114 +- 0.00731752      0.011242 +- 0.0463177     0.185395 +- 0.0123488      0.000249272 +- 0.309356
-1.3     0.3125     0.823016 +- 0.00743293      0.0129553 +- 0.0441612     0.164029 +- 0.0133043      0  
-1.3     0.3375     0.846932 +- 0.00757071      0.00984874 +- 0.0519126     0.143219 +- 0.0144844      0  
-1.3     0.3625     0.856604 +- 0.00783647      0.018985 +- 0.0389968     0.124411 +- 0.0160024      0  
-1.3     0.3875     0.856952 +- 0.00811724      0.0325976 +- 0.0310355     0.110451 +- 0.0174844      0  
-1.3     0.4125     0.891984 +- 0.00821745      0.0148037 +- 0.0467157     0.093212 +- 0.0193229      0  
-1.3     0.4375     0.888422 +- 0.00861325      0.0228422 +- 0.0395332     0.0887354 +- 0.0206938      0  
-1.3     0.4625     0.890675 +- 0.0088857      0.0338244 +- 0.0337172     0.0755005 +- 0.0230183      0  
-1.3     0.4875     0.869021 +- 0.00947698      0.0635746 +- 0.0264314     0.0674048 +- 0.0257156      0  
-1.3     0.5125     0.818163 +- 0.0100386      0.121074 +- 0.0204913     0.0607629 +- 0.0281363      0  
-1.3     0.5375     0.897715 +- 0.0101533      0.046278 +- 0.0332045     0.0560073 +- 0.030323      0  
-1.3     0.5625     0.758129 +- 0.0111634      0.193475 +- 0.0182069     0.0483963 +- 0.0341193      0  
-1.3     0.5875     0.760447 +- 0.0115359      0.200236 +- 0.0185625     0.039317 +- 0.0389815      0  
-1.3     0.6125     0.72339 +- 0.012206      0.237862 +- 0.0180402     0.0387481 +- 0.0409447      0  
-1.3     0.6375     0.720137 +- 0.0125322      0.24725 +- 0.0182121     0.0326131 +- 0.0456273      0  
-1.3     0.6625     0.686072 +- 0.0132877      0.283532 +- 0.0180344     0.0303963 +- 0.0493503      0  
-1.3     0.6875     0.655871 +- 0.0140938      0.317956 +- 0.0180588     0.0261732 +- 0.0555399      0  
-1.3     0.7125     0.653664 +- 0.014611      0.322511 +- 0.018602     0.0238247 +- 0.0602188      0  
-1.3     0.7375     0.578257 +- 0.0159683      0.402438 +- 0.0180436     0.0193045 +- 0.0702349      0  
-1.3     0.7625     0.596381 +- 0.0163376      0.383249 +- 0.0189711     0.0203699 +- 0.070675      0  
-1.3     0.7875     0.596695 +- 0.0168236      0.382827 +- 0.0195464     0.020478 +- 0.0726008      0  
-1.3     0.8125     0.558499 +- 0.0179844      0.425989 +- 0.0196976     0.0155125 +- 0.0871078      0  
-1.3     0.8375     0.528809 +- 0.0190114      0.455218 +- 0.0199913     0.0159736 +- 0.0891717      0  
-1.3     0.8625     0.655996 +- 0.0192444      0.325599 +- 0.0244394     0.0184046 +- 0.0900995      0  
-1.3     0.8875     0.510253 +- 0.0210815      0.477323 +- 0.0215576     0.0124246 +- 0.110614      0  
-1.3     0.9125     0.630651 +- 0.0209027      0.357643 +- 0.0253271     0.0117064 +- 0.120846      0  
-1.3     0.9375     0.547597 +- 0.0223489      0.44118 +- 0.0240275     0.0112224 +- 0.126194      0  
-1.3     0.9625     0.579067 +- 0.023334      0.411381 +- 0.0261729     0.00955199 +- 0.145268      0  
-1.3     0.9875     0.543185 +- 0.024984      0.447575 +- 0.0266572     0.00924031 +- 0.154911      0  
-1.2     0.0875     0.606447 +- 0.103083      0.00373548 +- 1.03821     0.254455 +- 0.140628      0.135362 +- 0.183429
-1.2     0.1125     0.479657 +- 0.0203417      0.000752524 +- 0.422352     0.498342 +- 0.0200823      0.0212487 +- 0.0802918
-1.2     0.1375     0.5459 +- 0.00903207      0.000849065 +- 0.184275     0.438827 +- 0.00971875      0.0144241 +- 0.0450109
-1.2     0.1625     0.613348 +- 0.00691278      0.000941017 +- 0.139011     0.376353 +- 0.00815097      0.00935805 +- 0.0442662
-1.2     0.1875     0.660985 +- 0.00653517      0.000702611 +- 0.155584     0.334348 +- 0.00823579      0.00396453 +- 0.0656044
-1.2     0.2125     0.702262 +- 0.00647115      0.000792177 +- 0.147733     0.295537 +- 0.00870235      0.00140879 +- 0.110816
-1.2     0.2375     0.729016 +- 0.00655099      0.000519531 +- 0.186674     0.269777 +- 0.00922862      0.000687351 +- 0.162306
-1.2     0.2625     0.764095 +- 0.00662323      0.000486974 +- 0.197576     0.235341 +- 0.0099868      7.69334e-05 +- 0.496983
-1.2     0.2875     0.788107 +- 0.0067392      0.000398707 +- 0.224111     0.211457 +- 0.0107089      3.72489e-05 +- 0.733087
-1.2     0.3125     0.816767 +- 0.00689138      0.000373882 +- 0.239012     0.182848 +- 0.0117524      1.15265e-05 +- 1.361
-1.2     0.3375     0.839087 +- 0.00700713      0.000327177 +- 0.261711     0.160586 +- 0.0127241      0  
-1.2     0.3625     0.855834 +- 0.0072508      0.000450243 +- 0.232106     0.143715 +- 0.0138905      0  
-1.2     0.3875     0.870263 +- 0.00743551      0.000529562 +- 0.220466     0.129207 +- 0.0149944      0  
-1.2     0.4125     0.888412 +- 0.00773805      0.000631866 +- 0.21121     0.110956 +- 0.0167943      0  
-1.2     0.4375     0.89587 +- 0.00804781      0.00112882 +- 0.164751     0.103002 +- 0.0181035      0  
-1.2     0.4625     0.90792 +- 0.00842016      0.00212495 +- 0.126139     0.0899552 +- 0.0202188      0  
-1.2     0.4875     0.916328 +- 0.00876681      0.00246717 +- 0.122199     0.0812052 +- 0.0221205      0  
-1.2     0.5125     0.923324 +- 0.00912461      0.00469684 +- 0.0924655     0.0719788 +- 0.0243981      0  
-1.2     0.5375     0.930072 +- 0.00953019      0.00602745 +- 0.0854695     0.0639007 +- 0.0269942      0  
-1.2     0.5625     0.936129 +- 0.00995248      0.00716778 +- 0.0820334     0.056703 +- 0.0298748      0  
-1.2     0.5875     0.934046 +- 0.0104467      0.0148014 +- 0.0601132     0.0511525 +- 0.0329102      0  
-1.2     0.6125     0.930967 +- 0.0110916      0.0208603 +- 0.0538762     0.0481724 +- 0.0359245      0  
-1.2     0.6375     0.926506 +- 0.0116113      0.0314123 +- 0.0461407     0.0420816 +- 0.0400703      0  
-1.2     0.6625     0.923246 +- 0.0123501      0.0390884 +- 0.0441178     0.0376653 +- 0.0449128      0  
-1.2     0.6875     0.916261 +- 0.0128371      0.0519367 +- 0.0399491     0.0318023 +- 0.0505613      0  
-1.2     0.7125     0.882806 +- 0.0138242      0.0843179 +- 0.0339461     0.0328758 +- 0.0530588      0  
-1.2     0.7375     0.791393 +- 0.0147368      0.183734 +- 0.024862     0.024873 +- 0.0628744      0   
-1.2     0.7625     0.779847 +- 0.0154514      0.198574 +- 0.0251277     0.0215794 +- 0.0703716      0   
-1.2     0.7875     0.867368 +- 0.0161738      0.109222 +- 0.0351278     0.0234093 +- 0.0728833      0  
-1.2     0.8125     0.711753 +- 0.017663      0.271228 +- 0.0246578     0.0170187 +- 0.0880462      0  
-1.2     0.8375     0.693215 +- 0.0183683      0.293603 +- 0.0246699     0.0131821 +- 0.103038      0  
-1.2     0.8625     0.717042 +- 0.018525      0.270882 +- 0.02593     0.012076 +- 0.109594      0   
-1.2     0.8875     0.632238 +- 0.0210001      0.348935 +- 0.0256976     0.0188269 +- 0.0961458      0  
-1.2     0.9125     0.648155 +- 0.0215288      0.340828 +- 0.026778     0.0110173 +- 0.129331      0  
-1.2     0.9375     0.663852 +- 0.0220149      0.326696 +- 0.0280226     0.00945165 +- 0.143709      0  
-1.2     0.9625     0.611675 +- 0.0238016      0.373748 +- 0.028112     0.0145775 +- 0.122329      0  
-1.2     0.9875     0.668538 +- 0.0246479      0.321916 +- 0.0316158     0.00954647 +- 0.160441      0  
-1.1     0.0625     0.0691612 +- 0.34057      0.000249092 +- 5.48896     0.866537 +- 0.127128      0.0640524 +- 0.353045
-1.1     0.0875     0.41724 +- 0.016778      0.00013734 +- 0.77686     0.545313 +- 0.0153249      0.0373098 +- 0.0480014
-1.1     0.1125     0.490089 +- 0.00749341      4.40329e-05 +- 0.647637     0.489974 +- 0.007494      0.0198925 +- 0.0307711
-1.1     0.1375     0.554375 +- 0.00622514      1.42871e-05 +- 0.983567     0.433021 +- 0.00676308      0.0125894 +- 0.0333417
-1.1     0.1625     0.599501 +- 0.00600865      7.92511e-06 +- 1.30671     0.389306 +- 0.00694917      0.0111851 +- 0.0349764
-1.1     0.1875     0.649244 +- 0.00594432      2.3391e-06 +- 2.43859     0.348688 +- 0.00733502      0.00206597 +- 0.0821391
-1.1     0.2125     0.689756 +- 0.00597433      2.3405e-06 +- 2.495     0.309375 +- 0.00785262      0.000867226 +- 0.129672
-1.1     0.2375     0.720679 +- 0.00603222      2.01852e-06 +- 2.74778     0.278992 +- 0.00835865      0.000327062 +- 0.215901
-1.1     0.2625     0.750951 +- 0.00616658      2.3925e-06 +- 2.61088     0.248996 +- 0.00904477      5.15093e-05 +- 0.562706
-1.1     0.2875     0.777722 +- 0.00634375      3.70631e-06 +- 2.1795     0.22225 +- 0.00983978      2.37488e-05 +- 0.861015
-1.1     0.3125     0.805492 +- 0.00656047      5.69203e-06 +- 1.83669     0.194494 +- 0.0108594      8.53747e-06 +- 1.4997
-1.1     0.3375     0.827791 +- 0.00681523      1.13658e-05 +- 1.36044     0.172198 +- 0.0119664      0  
-1.1     0.3625     0.840287 +- 0.00714682      2.25988e-05 +- 1.01589     0.159691 +- 0.0130141      0  
-1.1     0.3875     0.858438 +- 0.00745019      3.11984e-05 +- 0.906543     0.14153 +- 0.0143803      0  
-1.1     0.4125     0.870671 +- 0.00777132      6.12571e-05 +- 0.67742     0.129268 +- 0.0156703      0  
-1.1     0.4375     0.884412 +- 0.00812801      0.000124945 +- 0.498185     0.115463 +- 0.0173073      0  
-1.1     0.4625     0.891409 +- 0.00853171      0.000166753 +- 0.453609     0.108424 +- 0.0187272      0  
-1.1     0.4875     0.907271 +- 0.0088585      0.000390241 +- 0.309343     0.0923388 +- 0.021014      0  
-1.1     0.5125     0.916817 +- 0.00928899      0.000732131 +- 0.237511     0.0824509 +- 0.0232769      0  
-1.1     0.5375     0.92188 +- 0.00978025      0.00109238 +- 0.205057     0.0770281 +- 0.0253287      0  
-1.1     0.5625     0.930777 +- 0.0101978      0.00206424 +- 0.156003     0.0671588 +- 0.0282246      0  
-1.1     0.5875     0.933112 +- 0.0107478      0.00311722 +- 0.133953     0.0637712 +- 0.030498      0  
-1.1     0.6125     0.941165 +- 0.0111749      0.00424724 +- 0.11965     0.0545879 +- 0.0342011      0  
-1.1     0.6375     0.940817 +- 0.0118106      0.0077739 +- 0.0936257     0.0514087 +- 0.0371878      0  
-1.1     0.6625     0.939401 +- 0.0123901      0.0117897 +- 0.0798839     0.0488097 +- 0.0399725      0  
-1.1     0.6875     0.942187 +- 0.0130193      0.0156568 +- 0.0730351     0.042156 +- 0.0450865      0  
-1.1     0.7125     0.942618 +- 0.0136342      0.0186839 +- 0.0701277     0.0386984 +- 0.0492042      0  
-1.1     0.7375     0.927375 +- 0.0144283      0.0364756 +- 0.0533504     0.0361489 +- 0.0535824      0  
-1.1     0.7625     0.935899 +- 0.0150701      0.0310048 +- 0.0604234     0.0330961 +- 0.0585425      0  
-1.1     0.7875     0.936792 +- 0.0157595      0.0362656 +- 0.0585882     0.0269422 +- 0.0676673      0  
-1.1     0.8125     0.909177 +- 0.0167637      0.0615472 +- 0.0480438     0.0292762 +- 0.0685932      0  
-1.1     0.8375     0.872126 +- 0.0179161      0.100158 +- 0.0405276     0.0277156 +- 0.0744629      0  
-1.1     0.8625     0.905906 +- 0.0185501      0.0718572 +- 0.0493934     0.0222368 +- 0.0867113      0  
-1.1     0.8875     0.844743 +- 0.0198767      0.132496 +- 0.0393238     0.0227616 +- 0.0901621      0  
-1.1     0.9125     0.828498 +- 0.0209009      0.155503 +- 0.0383512     0.0159989 +- 0.112115      0  
-1.1     0.9375     0.8259 +- 0.0217431      0.164303 +- 0.0389276     0.0097965 +- 0.148467      0  
-1.1     0.9625     0.847228 +- 0.0230543      0.139727 +- 0.0445915     0.0130454 +- 0.137587      0  
-1.1     0.9875     0.794809 +- 0.0244724      0.196351 +- 0.0401986     0.00884075 +- 0.173966      0  
-1     0.0625     0.528773 +- 0.0211014      1.28885e-06 +- 10.9313     0.396681 +- 0.0232864      0.074545 +- 0.0471169
-1     0.0875     0.589858 +- 0.00754471      8.5684e-08 +- 15.6995     0.360608 +- 0.0089266      0.0495337 +- 0.0211536
-1     0.1125     0.624501 +- 0.00627315      3.26279e-09 +- 68.0922     0.347824 +- 0.00765647      0.0276755 +- 0.0237013
-1     0.1375     0.652843 +- 0.00594026      3.43345e-10 +- 201.478     0.333076 +- 0.00746879      0.014081 +- 0.0316821
-1     0.1625     0.668022 +- 0.00579075      5.86654e-11 +- 478.451     0.32688 +- 0.0073833      0.00509832 +- 0.0514541
-1     0.1875     0.689485 +- 0.00571137      4.46991e-11 +- 545.728     0.308537 +- 0.00751389      0.00197778 +- 0.0821231
-1     0.2125     0.710209 +- 0.00576414      1.15123e-10 +- 346.196     0.28937 +- 0.00784089      0.000421259 +- 0.181017
-1     0.2375     0.736824 +- 0.00591431      3.89951e-10 +- 195.076     0.262829 +- 0.00844392      0.000346939 +- 0.206851
-1     0.2625     0.760992 +- 0.00611781      2.93275e-09 +- 74.2626     0.238786 +- 0.00916011      0.000222069 +- 0.269905
-1     0.2875     0.782721 +- 0.00634897      9.55959e-09 +- 43.0274     0.217212 +- 0.00995879      6.69877e-05 +- 0.514023
-1     0.3125     0.801652 +- 0.00661028      5.42343e-08 +- 18.9339     0.198145 +- 0.0108428      0.000202779 +- 0.309678
-1     0.3375     0.806019 +- 0.00697139      3.82368e-07 +- 7.53165     0.193981 +- 0.0115545      0  
-1     0.3625     0.826186 +- 0.00724164      1.26289e-06 +- 4.33432     0.173813 +- 0.0126579      0  
-1     0.3875     0.848213 +- 0.00754987      3.29359e-06 +- 2.81827     0.151784 +- 0.0140893      0  
-1     0.4125     0.863459 +- 0.00785529      1.02788e-05 +- 1.66784     0.13653 +- 0.0154276      0  
-1     0.4375     0.867543 +- 0.00824776      2.1039e-05 +- 1.22557     0.132436 +- 0.0164381      0  
-1     0.4625     0.882991 +- 0.00860692      4.13266e-05 +- 0.916846     0.116967 +- 0.0182133      0  
-1     0.4875     0.894675 +- 0.00897636      7.22323e-05 +- 0.725798     0.105252 +- 0.0199885      0  
-1     0.5125     0.897979 +- 0.00942529      0.0001013 +- 0.644168     0.10192 +- 0.0213171      0  
-1     0.5375     0.909252 +- 0.00992577      0.000199977 +- 0.484427     0.0905483 +- 0.0237715      0  
-1     0.5625     0.918351 +- 0.0103524      0.000335128 +- 0.391335     0.0813139 +- 0.0261201      0  
-1     0.5875     0.927835 +- 0.010851      0.000622102 +- 0.301908     0.0715427 +- 0.0291335      0  
-1     0.6125     0.931872 +- 0.0114915      0.00126617 +- 0.224437     0.0668619 +- 0.0318809      0  
-1     0.6375     0.937494 +- 0.0120479      0.00138571 +- 0.225289     0.0611207 +- 0.0349192      0  
-1     0.6625     0.937678 +- 0.0126563      0.00315864 +- 0.156901     0.0591632 +- 0.0372518      0  
-1     0.6875     0.943131 +- 0.0134572      0.0043494 +- 0.142468     0.0525198 +- 0.0419705      0  
-1     0.7125     0.946386 +- 0.0142942      0.00832787 +- 0.109676     0.0452858 +- 0.0478866      0  
-1     0.7375     0.94161 +- 0.0148947      0.012974 +- 0.0916535     0.0454155 +- 0.0497655      0  
-1     0.7625     0.943141 +- 0.0156095      0.0137183 +- 0.0934831     0.0431408 +- 0.053475      0  
-1     0.7875     0.942491 +- 0.0165319      0.0228335 +- 0.0770721     0.0346758 +- 0.0629028      0  
-1     0.8125     0.929647 +- 0.0175055      0.0364644 +- 0.0647795     0.0338888 +- 0.0671126      0  
-1     0.8375     0.934255 +- 0.0185352      0.0371408 +- 0.0680717     0.0286041 +- 0.0772473      0  
-1     0.8625     0.922869 +- 0.0196494      0.0502894 +- 0.0622102     0.0268413 +- 0.0841966      0  
-1     0.8875     0.916965 +- 0.0207771      0.058849 +- 0.0609539     0.0241857 +- 0.0935114      0  
-1     0.9125     0.900727 +- 0.0220873      0.0774002 +- 0.0567279     0.0218731 +- 0.103925      0  
-1     0.9375     0.898552 +- 0.0232523      0.0821229 +- 0.0580675     0.0193249 +- 0.116178      0  
-1     0.9625     0.901817 +- 0.0245074      0.0833206 +- 0.060852     0.0148621 +- 0.139456      0  
-1     0.9875     0.874761 +- 0.026054      0.10896 +- 0.0567766     0.016279 +- 0.140617      0  
-0.9     0.0625     0.76982 +- 0.00862675      1.47216e-11 +- 1482.86     0.109083 +- 0.0181418      0.121097 +- 0.0173114
-0.9     0.0875     0.84323 +- 0.00644977      2.63851e-13 +- 8492.75     0.0862798 +- 0.015479      0.0704898 +- 0.0170003
-0.9     0.1125     0.890335 +- 0.00601481      4.91818e-15 +- 58861     0.0782195 +- 0.0153259      0.0314453 +- 0.0236415
-0.9     0.1375     0.883226 +- 0.00582686      8.05999e-16 +- 140557     0.103524 +- 0.0130284      0.0132503 +- 0.0348951
-0.9     0.1625     0.860545 +- 0.0058087      4.4775e-16 +- 186693     0.129271 +- 0.011676      0.0101842 +- 0.0393443
-0.9     0.1875     0.83427 +- 0.00591634      1.06548e-15 +- 122237     0.160113 +- 0.0107402      0.00561722 +- 0.0533864
-0.9     0.2125     0.811553 +- 0.00604058      8.18956e-15 +- 44676.7     0.185122 +- 0.0102297      0.00332452 +- 0.0702372
-0.9     0.2375     0.794822 +- 0.00615885      1.40345e-13 +- 10940.2     0.201664 +- 0.0100046      0.00351497 +- 0.0692508
-0.9     0.2625     0.800863 +- 0.00627644      2.54206e-12 +- 2625.18     0.196995 +- 0.0103174      0.00214233 +- 0.0905261
-0.9     0.2875     0.798372 +- 0.006499      4.84861e-11 +- 621.872     0.199362 +- 0.010621      0.00226605 +- 0.0910681
-0.9     0.3125     0.811375 +- 0.0066998      5.34791e-10 +- 193.899     0.187899 +- 0.0112745      0.000726191 +- 0.166457
-0.9     0.3375     0.816533 +- 0.00699262      8.0853e-09 +- 52.1384     0.183467 +- 0.0119071      0  
-0.9     0.3625     0.834295 +- 0.00723179      5.57183e-08 +- 20.662     0.165705 +- 0.0129359      0  
-0.9     0.3875     0.843407 +- 0.00758811      2.93144e-07 +- 9.47984     0.156593 +- 0.0139491      0  
-0.9     0.4125     0.850357 +- 0.00802343      1.35657e-06 +- 4.66994     0.149642 +- 0.015076      0  
-0.9     0.4375     0.871218 +- 0.00833109      4.16984e-06 +- 2.78384     0.128778 +- 0.0168301      0  
-0.9     0.4625     0.880833 +- 0.00872247      1.08566e-05 +- 1.81162     0.119156 +- 0.0182935      0  
-0.9     0.4875     0.887519 +- 0.00921054      3.94965e-05 +- 1.00498     0.112441 +- 0.0198657      0  
-0.9     0.5125     0.89587 +- 0.00972557      6.34164e-05 +- 0.83955     0.104066 +- 0.0217759      0  
-0.9     0.5375     0.9059 +- 0.0102165      0.000152385 +- 0.570631     0.0939472 +- 0.0240353      0  
-0.9     0.5625     0.906362 +- 0.0108196      0.000234428 +- 0.487309     0.0934033 +- 0.0255251      0  
-0.9     0.5875     0.91514 +- 0.0113719      0.000375438 +- 0.40578     0.0844845 +- 0.0281644      0  
-0.9     0.6125     0.926598 +- 0.0119227      0.00085964 +- 0.282131     0.0725426 +- 0.0317932      0  
-0.9     0.6375     0.924642 +- 0.0126221      0.00114344 +- 0.258872     0.0742141 +- 0.0332849      0  
-0.9     0.6625     0.929422 +- 0.0134689      0.0020651 +- 0.205922     0.0685128 +- 0.0369173      0  
-0.9     0.6875     0.935767 +- 0.0141191      0.00333253 +- 0.170333     0.0609006 +- 0.0409723      0  
-0.9     0.7125     0.939618 +- 0.0148688      0.00423903 +- 0.159286     0.0561425 +- 0.0448857      0  
-0.9     0.7375     0.944162 +- 0.0157412      0.00667411 +- 0.134723     0.0491644 +- 0.0506747      0  
-0.9     0.7625     0.945616 +- 0.0166936      0.00894352 +- 0.123611     0.0454403 +- 0.0558224      0  
-0.9     0.7875     0.942795 +- 0.0176328      0.0122467 +- 0.111674     0.0449587 +- 0.0592189      0  
-0.9     0.8125     0.945145 +- 0.0188316      0.0176998 +- 0.0995372     0.037155 +- 0.0693543      0  
-0.9     0.8375     0.936612 +- 0.0199393      0.0251103 +- 0.0885989     0.0382779 +- 0.0722191      0  
-0.9     0.8625     0.944018 +- 0.0210011      0.0223341 +- 0.0990134     0.0336477 +- 0.081113      0  
-0.9     0.8875     0.93452 +- 0.0221141      0.0332996 +- 0.085619     0.0321807 +- 0.0870475      0  
-0.9     0.9125     0.936581 +- 0.0233174      0.039504 +- 0.0831817     0.0239147 +- 0.106105      0  
-0.9     0.9375     0.91863 +- 0.0249943      0.0555991 +- 0.0753583     0.025771 +- 0.109113      0  
-0.9     0.9625     0.923657 +- 0.0264673      0.0560134 +- 0.0796325     0.0203294 +- 0.12993      0  
-0.9     0.9875     0.91944 +- 0.0279454      0.0805603 +- 0.0708351     0      0    
-0.8     0.0625     0.890327 +- 0.00677441      3.39421e-18 +- 2.52353e+06     0.000978139 +- 0.148727      0.108695 +- 0.0148484
-0.8     0.0875     0.938515 +- 0.00596642      3.07285e-20 +- 2.36826e+07     0.00139796 +- 0.111111      0.0600867 +- 0.0174374
-0.8     0.1125     0.961206 +- 0.00572564      1.3988e-21 +- 1.07175e+08     0.00279006 +- 0.0759922      0.0360043 +- 0.0215018
-0.8     0.1375     0.970115 +- 0.00579736      9.2545e-22 +- 1.33727e+08     0.00715711 +- 0.0482587      0.0227277 +- 0.0272897
-0.8     0.1625     0.966913 +- 0.00594286      5.27241e-21 +- 5.73842e+07     0.0175032 +- 0.0317692      0.0155834 +- 0.0336375
-0.8     0.1875     0.952462 +- 0.00604654      2.19954e-19 +- 9.00479e+06     0.0367947 +- 0.0224178      0.0107435 +- 0.0409626
-0.8     0.2125     0.929798 +- 0.00614979      1.37388e-17 +- 1.15166e+06     0.0635989 +- 0.0174567      0.00660288 +- 0.0527061
-0.8     0.2375     0.902793 +- 0.00625918      1.26394e-15 +- 121270     0.0919909 +- 0.0148543      0.005216 +- 0.0598517
-0.8     0.2625     0.875496 +- 0.00644391      6.1842e-14 +- 17704.2     0.121081 +- 0.0133967      0.00342304 +- 0.0753797
-0.8     0.2875     0.858403 +- 0.0066238      1.33385e-12 +- 3897.88     0.139306 +- 0.0128741      0.00229054 +- 0.0941695
-0.8     0.3125     0.850695 +- 0.00685633      2.27944e-11 +- 973.639     0.146452 +- 0.0130059      0.00285307 +- 0.0871513
-0.8     0.3375     0.855144 +- 0.00710282      4.86568e-10 +- 218.62     0.144856 +- 0.0135572      0  
-0.8     0.3625     0.855449 +- 0.00743755      2.91425e-09 +- 93.549     0.144551 +- 0.0142105      0  
-0.8     0.3875     0.858247 +- 0.00781447      1.62533e-08 +- 41.6566     0.141753 +- 0.0150721      0  
-0.8     0.4125     0.870034 +- 0.0081948      9.76598e-08 +- 17.8864     0.129966 +- 0.0164816      0  
-0.8     0.4375     0.871595 +- 0.00865807      3.03169e-07 +- 10.7308     0.128404 +- 0.0175152      0  
-0.8     0.4625     0.884471 +- 0.00911027      8.00053e-07 +- 6.97781     0.115528 +- 0.0193943      0  
-0.8     0.4875     0.888524 +- 0.00954832      2.07912e-06 +- 4.54214     0.111474 +- 0.0206806      0  
-0.8     0.5125     0.898709 +- 0.0100768      4.66808e-06 +- 3.20875     0.101287 +- 0.0228601      0  
-0.8     0.5375     0.903165 +- 0.0106637      1.43799e-05 +- 1.93721     0.0968208 +- 0.0247249      0  
-0.8     0.5625     0.90538 +- 0.0111      1.87741e-05 +- 1.76593     0.0946013 +- 0.0260272      0  
-0.8     0.5875     0.914514 +- 0.0117017      4.85057e-05 +- 1.16126     0.0854379 +- 0.0288264      0  
-0.8     0.6125     0.924388 +- 0.012302      8.66206e-05 +- 0.916145     0.0755254 +- 0.0321751      0  
-0.8     0.6375     0.925487 +- 0.0130569      0.00015398 +- 0.729548     0.0743595 +- 0.034408      0  
-0.8     0.6625     0.937527 +- 0.0137774      0.000267286 +- 0.586282     0.0622056 +- 0.0396028      0  
-0.8     0.6875     0.934865 +- 0.0144953      0.00040456 +- 0.501039     0.06473 +- 0.0408642      0  
-0.8     0.7125     0.944738 +- 0.0152328      0.000681619 +- 0.406802     0.0545805 +- 0.0466688      0  
-0.8     0.7375     0.943115 +- 0.0162619      0.00114592 +- 0.334871     0.0557394 +- 0.0493064      0  
-0.8     0.7625     0.94792 +- 0.0173375      0.00165445 +- 0.297591     0.0504259 +- 0.0552006      0  
-0.8     0.7875     0.947965 +- 0.0181662      0.00268343 +- 0.244967     0.0493514 +- 0.0584362      0  
-0.8     0.8125     0.946751 +- 0.0194651      0.00410126 +- 0.212397     0.049148 +- 0.0627168      0  
-0.8     0.8375     0.951722 +- 0.0206457      0.00470722 +- 0.210627     0.0435712 +- 0.0705567      0  
-0.8     0.8625     0.961745 +- 0.0213748      0.00515629 +- 0.208958     0.0330985 +- 0.0836139      0  
-0.8     0.8875     0.956029 +- 0.0234011      0.00919333 +- 0.171409     0.0347773 +- 0.08924      0  
-0.8     0.9125     0.962613 +- 0.024625      0.0133894 +- 0.150035     0.0239974 +- 0.112656      0  
-0.8     0.9375     0.952449 +- 0.0261689      0.0119554 +- 0.168157     0.0355956 +- 0.0985857      0  
-0.8     0.9625     0.941814 +- 0.0278382      0.0247519 +- 0.124746     0.033434 +- 0.107787      0  
-0.8     0.9875     0.936083 +- 0.0299976      0.0340147 +- 0.115003     0.029902 +- 0.122413      0  
-0.7     0.0625     0.971154 +- 0.00612071      8.77833e-28 +- 1.45004e+11     2.89418e-07 +- 7.98588      0.028846 +- 0.0256577
-0.7     0.0875     0.970784 +- 0.00568522      8.37352e-28 +- 1.37891e+11     3.88089e-06 +- 2.02546      0.0292118 +- 0.0236844
-0.7     0.1125     0.972275 +- 0.00569374      4.22023e-27 +- 6.15376e+10     2.9797e-05 +- 0.732367      0.0276953 +- 0.0243522
-0.7     0.1375     0.977709 +- 0.00573447      1.86549e-25 +- 9.33513e+09     0.000192806 +- 0.290401      0.0220977 +- 0.0274213
-0.7     0.1625     0.982918 +- 0.00585288      2.24755e-23 +- 8.69204e+08     0.000982137 +- 0.131554      0.0160995 +- 0.0327369
-0.7     0.1875     0.984103 +- 0.00599743      2.46586e-21 +- 8.50588e+07     0.00359911 +- 0.0705319      0.0122976 +- 0.0383219
-0.7     0.2125     0.981536 +- 0.00620248      7.24576e-19 +- 5.12833e+06     0.00980142 +- 0.0443089      0.00866242 +- 0.0471054
-0.7     0.2375     0.971538 +- 0.00643901      3.5656e-17 +- 756973     0.0224628 +- 0.0304957      0.00599955 +- 0.058531
-0.7     0.2625     0.955837 +- 0.00662786      1.16625e-15 +- 135676     0.0378547 +- 0.0242609      0.0063082 +- 0.058521
-0.7     0.2875     0.940035 +- 0.00686979      4.60252e-14 +- 22290.1     0.0564213 +- 0.0206922      0.00354333 +- 0.0804772
-0.7     0.3125     0.923851 +- 0.00711017      4.93502e-13 +- 7013.76     0.0736804 +- 0.0188086      0.00246886 +- 0.0992846
-0.7     0.3375     0.913007 +- 0.00737412      5.63182e-12 +- 2146.67     0.0869932 +- 0.0180078      0  
-0.7     0.3625     0.899037 +- 0.0076817      3.89749e-11 +- 846.616     0.100963 +- 0.0174536      0  
-0.7     0.3875     0.894391 +- 0.00800723      1.62806e-10 +- 431.198     0.105609 +- 0.0178017      0  
-0.7     0.4125     0.891355 +- 0.00838036      7.73073e-10 +- 206.915     0.108645 +- 0.0183777      0  
-0.7     0.4375     0.895472 +- 0.00878187      3.26682e-09 +- 105.607     0.104528 +- 0.0196212      0  
-0.7     0.4625     0.894458 +- 0.00926508      1.21904e-08 +- 57.6604     0.105542 +- 0.0206045      0  
-0.7     0.4875     0.904863 +- 0.00970205      3.78555e-08 +- 34.3683     0.0951367 +- 0.0226873      0  
-0.7     0.5125     0.904873 +- 0.0102498      1.73483e-07 +- 16.9608     0.0951264 +- 0.0239695      0  
-0.7     0.5375     0.910711 +- 0.0110303      3.31007e-07 +- 13.2361     0.0892891 +- 0.0265982      0  
-0.7     0.5625     0.908961 +- 0.0116887      1.14213e-06 +- 7.54715     0.0910382 +- 0.0279221      0  
-0.7     0.5875     0.918962 +- 0.0123067      2.62198e-06 +- 5.25947     0.0810352 +- 0.0311056      0  
-0.7     0.6125     0.927192 +- 0.0130507      5.48376e-06 +- 3.8656     0.0728022 +- 0.034749      0  
-0.7     0.6375     0.92654 +- 0.0138932      1.2783e-05 +- 2.69483     0.0734475 +- 0.0368338      0  
-0.7     0.6625     0.934729 +- 0.0147862      2.67839e-05 +- 1.98591     0.0652444 +- 0.0415282      0  
-0.7     0.6875     0.942654 +- 0.0156723      6.23892e-05 +- 1.3822     0.0572834 +- 0.0469022      0  
-0.7     0.7125     0.944279 +- 0.0167909      0.000128551 +- 1.03213     0.0555922 +- 0.0509902      0  
-0.7     0.7375     0.943732 +- 0.0179633      0.000158819 +- 0.993288     0.0561096 +- 0.0543034      0  
-0.7     0.7625     0.950342 +- 0.0191816      0.000265681 +- 0.821574     0.049392 +- 0.0617177      0  
-0.7     0.7875     0.949443 +- 0.0201206      0.000416272 +- 0.68837     0.0501412 +- 0.0642609      0  
-0.7     0.8125     0.954523 +- 0.0218608      0.000540863 +- 0.657073     0.044936 +- 0.0736695      0  
-0.7     0.8375     0.965726 +- 0.0230242      0.0010132 +- 0.507249     0.0332612 +- 0.0899468      0  
-0.7     0.8625     0.96298 +- 0.0246176      0.00141455 +- 0.458768     0.0356055 +- 0.0929895      0  
-0.7     0.8875     0.967626 +- 0.0260683      0.00270046 +- 0.352259     0.0296733 +- 0.107687      0  
-0.7     0.9125     0.962918 +- 0.0280243      0.00296801 +- 0.360819     0.0341143 +- 0.108067      0  
-0.7     0.9375     0.996105 +- 0.0294236      0.00389509 +- 0.333689     0      0  
-0.7     0.9625     0.98983 +- 0.0328231      0.0101699 +- 0.230723     0      0  
-0.7     0.9875     0.982324 +- 0.0345392      0.0176756 +- 0.184489     0      0  
-0.6     0.0625     0.998884 +- 0.00578152      2.34205e-38 +- 2.67059e+16     8.01109e-11 +- 456.625      0.00111565 +- 0.122429
-0.6     0.0875     0.996421 +- 0.00559838      1.79033e-34 +- 2.95591e+14     2.89151e-09 +- 73.5521      0.00357881 +- 0.0662315
-0.6     0.1125     0.991717 +- 0.00556521      1.57661e-30 +- 3.12752e+12     9.24732e-08 +- 12.9138      0.00828249 +- 0.0433283
-0.6     0.1375     0.989039 +- 0.00567944      2.3358e-27 +- 8.28654e+10     1.82014e-06 +- 2.96851      0.0109595 +- 0.0384646
-0.6     0.1625     0.989998 +- 0.0058343      1.12367e-24 +- 3.88204e+09     1.64322e-05 +- 1.01516      0.00998587 +- 0.0413851
-0.6     0.1875     0.991959 +- 0.00599145      2.10053e-22 +- 2.91725e+08     0.000101208 +- 0.420293      0.00794022 +- 0.0476365
-0.6     0.2125     0.99206 +- 0.00620076      1.14998e-20 +- 4.08055e+07     0.000459165 +- 0.204258      0.00748068 +- 0.0507821
-0.6     0.2375     0.992063 +- 0.00644224      4.87873e-19 +- 6.50881e+06     0.00167269 +- 0.111253      0.00626439 +- 0.0576198
-0.6     0.2625     0.990577 +- 0.00666153      8.40244e-18 +- 1.62116e+06     0.00459642 +- 0.0694727      0.004827 +- 0.0678009
-0.6     0.2875     0.985115 +- 0.00697533      1.99128e-16 +- 348217     0.010553 +- 0.0480847      0.00433194 +- 0.0748191
-0.6     0.3125     0.975987 +- 0.00731919      1.9726e-15 +- 115817     0.0207 +- 0.0361207      0.0033129 +- 0.0895174
-0.6     0.3375     0.967534 +- 0.00767575      1.68731e-14 +- 41437.7     0.0324656 +- 0.0303542      0  
-0.6     0.3625     0.953049 +- 0.00812056      1.23187e-13 +- 16162.3     0.0469512 +- 0.0267872      0  
-0.6     0.3875     0.944621 +- 0.00854302      7.10793e-13 +- 7062.38     0.0553794 +- 0.0259928      0  
-0.6     0.4125     0.932319 +- 0.00903519      2.61758e-12 +- 3879.09     0.067681 +- 0.0249269      0  
-0.6     0.4375     0.923919 +- 0.0095312      2.67812e-11 +- 1276.31     0.0760807 +- 0.0248403      0  
-0.6     0.4625     0.923495 +- 0.0100745      8.79171e-11 +- 744.493     0.0765047 +- 0.0261855      0  
-0.6     0.4875     0.9201 +- 0.0106904      5.15389e-10 +- 325.975     0.0798995 +- 0.0272064      0  
-0.6     0.5125     0.918405 +- 0.0114645      1.63984e-09 +- 195.886     0.0815952 +- 0.0288804      0  
-0.6     0.5375     0.920248 +- 0.0120945      6.08839e-09 +- 107.303     0.0797521 +- 0.0308072      0  
-0.6     0.5625     0.921354 +- 0.0128013      2.67406e-08 +- 54.2097     0.0786463 +- 0.0328294      0  
-0.6     0.5875     0.92766 +- 0.0138164      8.48622e-08 +- 32.9016     0.0723403 +- 0.036902      0  
-0.6     0.6125     0.939892 +- 0.0144864      2.53444e-07 +- 20.0295     0.0601079 +- 0.0423467      0  
-0.6     0.6375     0.93578 +- 0.0156107      8.57184e-07 +- 11.7232     0.0642193 +- 0.0441839      0  
-0.6     0.6625     0.936963 +- 0.016727      2.23524e-06 +- 7.78138     0.0630347 +- 0.0477752      0  
-0.6     0.6875     0.940661 +- 0.0179652      4.07591e-06 +- 6.19529     0.0593347 +- 0.0528489      0  
-0.6     0.7125     0.951459 +- 0.0191221      9.49905e-06 +- 4.33224     0.0485318 +- 0.0620623      0  
-0.6     0.7375     0.94689 +- 0.020291      2.17082e-05 +- 3.03721     0.0530886 +- 0.0630252      0  
-0.6     0.7625     0.955154 +- 0.0217986      3.44503e-05 +- 2.59589     0.0448114 +- 0.0735699      0  
-0.6     0.7875     0.964594 +- 0.0231561      6.62623e-05 +- 1.99334     0.0353401 +- 0.0878231      0  
-0.6     0.8125     0.965736 +- 0.0250737      0.000102296 +- 1.73771     0.0341616 +- 0.0966964      0  
-0.6     0.8375     0.968261 +- 0.0268919      0.000144408 +- 1.56968     0.0315945 +- 0.107777      0  
-0.6     0.8625     0.999778 +- 0.0284284      0.000222406 +- 1.348     0      0  
-0.6     0.8875     0.999745 +- 0.0302164      0.00025538 +- 1.3371     0      0  
-0.6     0.9125     0.999413 +- 0.0325627      0.000587345 +- 0.950215     0      0  
-0.6     0.9375     0.999097 +- 0.0344659      0.000903135 +- 0.811141     0      0  
-0.6     0.9625     0.998836 +- 0.0390252      0.0011638 +- 0.809127     0      0  
-0.6     0.9875     0.997898 +- 0.0403505      0.0021015 +- 0.622725     0      0  
-0.5     0.0625     0.999998 +- 0.00555816      5.17147e-40 +- 1.72826e+17     4.39465e-15 +- 59286.2      2.11551e-06 +- 2.70215
-0.5     0.0875     0.99993 +- 0.00539643      2.08023e-35 +- 8.3662e+14     7.52841e-13 +- 4397.76      6.95683e-05 +- 0.457502
-0.5     0.1125     0.99949 +- 0.00546913      9.23866e-32 +- 1.27217e+13     4.66551e-11 +- 566.107      0.000510213 +- 0.171231
-0.5     0.1375     0.998149 +- 0.00555707      4.65337e-29 +- 5.75766e+11     1.63888e-09 +- 97.0189      0.00185104 +- 0.0913741
-0.5     0.1625     0.994413 +- 0.00575366      7.59101e-27 +- 4.66305e+10     3.72757e-08 +- 21.043      0.00558667 +- 0.0545071
-0.5     0.1875     0.993903 +- 0.00599505      4.54159e-25 +- 6.28071e+09     5.55415e-07 +- 5.67942      0.0060966 +- 0.0543737
-0.5     0.2125     0.995887 +- 0.00630938      1.5528e-23 +- 1.13101e+09     5.47452e-06 +- 1.90481      0.00410721 +- 0.0696851
-0.5     0.2375     0.995824 +- 0.00662924      4.65216e-22 +- 2.17103e+08     3.97103e-05 +- 0.743107      0.00413675 +- 0.072956
-0.5     0.2625     0.996081 +- 0.00703595      5.89734e-21 +- 6.47222e+07     0.000213752 +- 0.339995      0.00370523 +- 0.0818044
-0.5     0.2875     0.996323 +- 0.00742152      1.26848e-19 +- 1.4721e+07     0.000860243 +- 0.178836      0.00281701 +- 0.0989224
-0.5     0.3125     0.995454 +- 0.00789019      1.9964e-18 +- 3.94415e+06     0.00264211 +- 0.108561      0.00190431 +- 0.127827
-0.5     0.3375     0.993422 +- 0.0083398      2.07037e-17 +- 1.2939e+06     0.0065776 +- 0.0728304      0  
-0.5     0.3625     0.98744 +- 0.00887632      2.06293e-16 +- 435611     0.01256 +- 0.0561767      0  
-0.5     0.3875     0.979537 +- 0.00944623      2.26684e-15 +- 139565     0.0204629 +- 0.0469248      0  
-0.5     0.4125     0.972123 +- 0.00999028      1.41618e-14 +- 58940.3     0.027877 +- 0.0425911      0  
-0.5     0.4375     0.959366 +- 0.0107389      1.28977e-13 +- 20923.6     0.0406344 +- 0.0380273      0  
-0.5     0.4625     0.954841 +- 0.0113046      1.3142e-12 +- 6891.83     0.0451588 +- 0.0380089      0  
-0.5     0.4875     0.945379 +- 0.012096      5.03721e-12 +- 3757.05     0.0546206 +- 0.037052      0  
-0.5     0.5125     0.944057 +- 0.0129567      2.92257e-11 +- 1670.16     0.055943 +- 0.0392272      0  
-0.5     0.5375     0.944591 +- 0.013835      1.33807e-10 +- 833.58     0.0554086 +- 0.0420832      0  
-0.5     0.5625     0.944807 +- 0.0146167      6.37201e-10 +- 403.593     0.0551927 +- 0.0445458      0  
-0.5     0.5875     0.946149 +- 0.015758      2.62859e-09 +- 214.304     0.0538508 +- 0.0486055      0  
-0.5     0.6125     0.948873 +- 0.0168063      1.02031e-08 +- 116.096     0.0511272 +- 0.0531723      0  
-0.5     0.6375     0.946364 +- 0.0179973      3.08995e-08 +- 71.3918     0.0536358 +- 0.0556213      0  
-0.5     0.6625     0.942371 +- 0.0194921      9.97251e-08 +- 42.9934     0.0576286 +- 0.0581636      0  
-0.5     0.6875     0.949371 +- 0.0209729      2.46527e-07 +- 29.478     0.0506291 +- 0.0666736      0  
-0.5     0.7125     0.956025 +- 0.0225101      5.15267e-07 +- 21.9234     0.0439741 +- 0.076678      0  
-0.5     0.7375     0.955921 +- 0.0244003      9.62144e-07 +- 17.3905     0.0440783 +- 0.0830205      0  
-0.5     0.7625     0.958067 +- 0.0256101      2.03926e-06 +- 12.5447     0.041931 +- 0.0892992      0  
-0.5     0.7875     0.955374 +- 0.0278594      5.38482e-06 +- 8.39188     0.0446207 +- 0.0942225      0  
-0.5     0.8125     0.999986 +- 0.0300668      1.41871e-05 +- 5.64451     0      0  
-0.5     0.8375     0.999985 +- 0.0320102      1.47915e-05 +- 5.8853     0      0  
-0.5     0.8625     0.999938 +- 0.0349221      6.20047e-05 +- 3.13602     0      0  
-0.5     0.8875     0.999897 +- 0.0374552      0.000102979 +- 2.60996     0      0  
-0.5     0.9125     0.999727 +- 0.0391842      0.000273233 +- 1.67633     0      0  
-0.5     0.9375     0.999648 +- 0.0455608      0.000351711 +- 1.71799     0      0  
-0.5     0.9625     0.999109 +- 0.0478397      0.000891139 +- 1.13344     0      0  
-0.5     0.9875     0.998638 +- 0.0510863      0.00136193 +- 0.979175     0      0  
-0.4     0.0625     1 +- 0.00535748      4.32125e-38 +- 1.82239e+16     1.23651e-19 +- 1.07732e+07      6.27719e-11 +- 478.148
-0.4     0.0875     1 +- 0.00524833      1.94751e-36 +- 2.6593e+15     2.05011e-17 +- 819629      5.04004e-08 +- 16.5306
-0.4     0.1125     0.999994 +- 0.00537853      1.707e-34 +- 2.91093e+14     1.98292e-15 +- 85407.5      6.39913e-06 +- 1.50345
-0.4     0.1375     0.999881 +- 0.0056201      1.74083e-32 +- 3.01189e+13     1.32857e-13 +- 10902.5      0.000118506 +- 0.365066
-0.4     0.1625     0.999366 +- 0.00591679      1.7063e-30 +- 3.20239e+12     7.3137e-12 +- 1546.8      0.000633687 +- 0.166227
-0.4     0.1875     0.998144 +- 0.00626644      1.33132e-28 +- 3.83851e+11     3.30515e-10 +- 243.618      0.00185577 +- 0.102907
-0.4     0.2125     0.995349 +- 0.00667857      9.53529e-27 +- 4.83053e+10     1.28627e-08 +- 41.5907      0.00465147 +- 0.0693225
-0.4     0.2375     0.992364 +- 0.0070975      3.6828e-25 +- 8.25406e+09     3.33628e-07 +- 8.67212      0.0076359 +- 0.0575411
-0.4     0.2625     0.989697 +- 0.00760578      1.27527e-23 +- 1.50211e+09     5.18853e-06 +- 2.35494      0.0102977 +- 0.0531318
-0.4     0.2875     0.997957 +- 0.00806352      4.52079e-22 +- 2.68028e+08     4.3694e-05 +- 0.862157      0.0019996 +- 0.12757
-0.4     0.3125     0.998371 +- 0.00860846      4.77163e-21 +- 8.80846e+07     0.000250902 +- 0.384181      0.00137777 +- 0.164038
-0.4     0.3375     0.999057 +- 0.00917667      1.33324e-19 +- 1.7767e+07     0.000943202 +- 0.211334      0  
-0.4     0.3625     0.997387 +- 0.00990045      2.73904e-18 +- 4.22724e+06     0.00261275 +- 0.137048      0  
-0.4     0.3875     0.994555 +- 0.0105376      1.68775e-17 +- 1.81125e+06     0.00544505 +- 0.101114      0  
-0.4     0.4125     0.990289 +- 0.0113274      1.70128e-16 +- 612581     0.00971135 +- 0.0814724      0  
-0.4     0.4375     0.984239 +- 0.0121099      2.94861e-15 +- 157067     0.015761 +- 0.0684696      0  
-0.4     0.4625     0.97728 +- 0.0131005      2.85087e-14 +- 54547.3     0.0227197 +- 0.061793      0  
-0.4     0.4875     0.972018 +- 0.0141223      1.81369e-13 +- 23281.2     0.0279816 +- 0.0600957      0  
-0.4     0.5125     0.966075 +- 0.0151772      1.16598e-12 +- 9852.61     0.033925 +- 0.058733      0  
-0.4     0.5375     0.960796 +- 0.0161457      4.69468e-12 +- 5216.18     0.0392035 +- 0.0581893      0  
-0.4     0.5625     0.958939 +- 0.0171453      3.79657e-11 +- 1946.85     0.0410612 +- 0.0604021      0  
-0.4     0.5875     0.953678 +- 0.0187378      1.37619e-10 +- 1115.98     0.0463223 +- 0.0622202      0  
-0.4     0.6125     0.956736 +- 0.0200354      4.57386e-10 +- 655.068     0.0432645 +- 0.0687954      0  
-0.4     0.6375     0.951743 +- 0.0217856      2.33412e-09 +- 314.889     0.0482573 +- 0.0709041      0  
-0.4     0.6625     0.960081 +- 0.0231726      4.77454e-09 +- 234.707     0.0399195 +- 0.0827749      0  
-0.4     0.6875     0.9649 +- 0.0255224      3.84235e-08 +- 91.2418     0.0350998 +- 0.0971249      0  
-0.4     0.7125     0.9599 +- 0.027191      8.65053e-08 +- 64.6992     0.0400998 +- 0.096914      0  
-0.4     0.7375     0.953963 +- 0.0298319      1.47396e-07 +- 54.2932     0.0460366 +- 0.0993598      0  
-0.4     0.7625     1 +- 0.0309044      2.91024e-07 +- 40.508     0      0  
-0.4     0.7875     0.999999 +- 0.0346413      5.52014e-07 +- 32.9689     0      0  
-0.4     0.8125     0.999999 +- 0.0373348      1.22786e-06 +- 23.8245     0      0  
-0.4     0.8375     0.999997 +- 0.0402994      3.47232e-06 +- 15.2923     0      0  
-0.4     0.8625     0.999995 +- 0.0436204      4.86291e-06 +- 13.9871     0      0  
-0.4     0.8875     0.999989 +- 0.0467209      1.14629e-05 +- 9.75774     0      0  
-0.4     0.9125     0.99998 +- 0.0575046      1.96053e-05 +- 9.1834     0      0  
-0.4     0.9375     0.999971 +- 0.056063      2.89872e-05 +- 7.36311     0      0  
-0.4     0.9625     0.99993 +- 0.0601766      6.96095e-05 +- 5.10018     0      0  
-0.4     0.9875     0.999899 +- 0.0660449      0.000100684 +- 4.6543     0      0  
-0.3     0.0625     1 +- 0.00526847      2.29172e-39 +- 7.78195e+16     2.58926e-25 +- 7.3212e+09      4.05163e-15 +- 58526.8
-0.3     0.0875     1 +- 0.00525808      1.81077e-39 +- 8.73737e+16     4.6136e-23 +- 5.47384e+08      1.18593e-11 +- 1079.65
-0.3     0.1125     1 +- 0.00544585      1.92167e-38 +- 2.77787e+16     4.67294e-21 +- 5.63321e+07      3.03466e-09 +- 69.903
-0.3     0.1375     1 +- 0.00580414      1.20483e-36 +- 3.73904e+15     5.54873e-19 +- 5.50968e+06      2.28799e-07 +- 8.58018
-0.3     0.1625     0.999991 +- 0.00621378      1.89291e-34 +- 3.19356e+14     1.26555e-16 +- 390571      9.3183e-06 +- 1.43937
-0.3     0.1875     0.999888 +- 0.0066921      1.55502e-32 +- 3.79461e+13     3.88844e-14 +- 23996.5      0.00011214 +- 0.446869
-0.3     0.2125     0.999356 +- 0.00718749      2.26379e-30 +- 3.37734e+12     1.55839e-11 +- 1287.23      0.000643779 +- 0.200338
-0.3     0.2375     0.997876 +- 0.00774572      1.97317e-28 +- 3.89703e+11     2.29941e-09 +- 114.158      0.00212371 +- 0.118913
-0.3     0.2625     0.99505 +- 0.00835608      1.94217e-26 +- 4.23453e+10     8.89086e-08 +- 19.7914      0.00495012 +- 0.0840839
-0.3     0.2875     0.998444 +- 0.0089585      8.16477e-25 +- 7.00775e+09     1.38303e-06 +- 5.38437      0.00155478 +- 0.160714
-0.3     0.3125     0.997832 +- 0.00968988      4.28181e-23 +- 1.04654e+09     1.52066e-05 +- 1.75612      0.0021523 +- 0.147769
-0.3     0.3375     0.999896 +- 0.0104207      1.47345e-21 +- 1.91956e+08     0.000104384 +- 0.721231      0  
-0.3     0.3625     0.999601 +- 0.0114095      3.06345e-20 +- 4.60895e+07     0.000399357 +- 0.403751      0  
-0.3     0.3875     0.998745 +- 0.0122107      5.726e-19 +- 1.14068e+07     0.00125537 +- 0.243767      0  
-0.3     0.4125     0.997229 +- 0.0131684      8.07542e-18 +- 3.27443e+06     0.00277083 +- 0.177017      0  
-0.3     0.4375     0.994064 +- 0.0142651      1.29113e-16 +- 886395     0.00593564 +- 0.131119      0  
-0.3     0.4625     0.99144 +- 0.0155554      2.30845e-15 +- 228439     0.0085602 +- 0.119135      0  
-0.3     0.4875     0.987986 +- 0.0167883      8.64308e-15 +- 127303     0.0120137 +- 0.108625      0  
-0.3     0.5125     0.983923 +- 0.0181678      9.41907e-14 +- 41688.5     0.0160767 +- 0.101715      0  
-0.3     0.5375     0.972667 +- 0.0199236      9.55196e-13 +- 14314.5     0.0273334 +- 0.0857693      0  
-0.3     0.5625     0.969496 +- 0.0217768      4.31699e-12 +- 7353.6     0.0305043 +- 0.0888045      0  
-0.3     0.5875     0.972062 +- 0.0231927      1.64135e-11 +- 4019.17     0.0279385 +- 0.0987688      0  
-0.3     0.6125     0.979358 +- 0.0247467      6.44701e-11 +- 2167.94     0.020642 +- 0.122402      0  
-0.3     0.6375     0.96551 +- 0.0276941      2.4409e-10 +- 1242.38     0.0344897 +- 0.106303      0  
-0.3     0.6625     0.975845 +- 0.0299652      8.93998e-10 +- 704.307     0.0241552 +- 0.137122      0  
-0.3     0.6875     1 +- 0.0314596      1.11582e-09 +- 665.949     0      0  
-0.3     0.7125     1 +- 0.034873      2.24301e-09 +- 520.666     0      0  
-0.3     0.7375     1 +- 0.0379492      3.88094e-09 +- 430.744     0      0  
-0.3     0.7625     1 +- 0.0404367      1.20204e-08 +- 260.796     0      0  
-0.3     0.7875     1 +- 0.045159      9.16756e-09 +- 333.505     0      0  
-0.3     0.8125     1 +- 0.0481908      2.06639e-08 +- 237.051     0      0  
-0.3     0.8375     1 +- 0.0520179      7.29381e-08 +- 136.195     0      0  
-0.3     0.8625     1 +- 0.0555626      1.26005e-07 +- 110.681     0      0  
-0.3     0.8875     0.999999 +- 0.0663797      7.89089e-07 +- 52.8393     0      0  
-0.3     0.9125     0.999998 +- 0.0743983      2.30609e-06 +- 34.6426     0      0  
-0.3     0.9375     0.999972 +- 0.0879714      2.79e-05 +- 11.7768     0      0  
-0.3     0.9625     0.99987 +- 0.0980821      0.000130309 +- 6.07578     0      0  
-0.3     0.9875     0.99927 +- 0.0964874      0.000730386 +- 2.52498     0      0  
